IUSR_METRO,local
dtt_sc_hpalm,us.ead.dev
